-0.377, 0.570, 0.524,
-0.044, 0.682, 0.524,
0.306, 0.611, 0.524,
0.541, 0.416, 0.524,
0.669, 0.136, 0.524,
0.367, -0.576, 0.524,
0.171, -0.695, 0.524,
-0.144, -0.701, 0.524,
-0.070, -0.644, 0.890,
0.193, -0.618, 0.890,
0.395, -0.513, 0.890,
0.601, -0.243, 0.890,
0.633, 0.139, 0.890,
0.440, 0.475, 0.890,
0.168, 0.626, 0.890,
-0.116, 0.637, 0.890,
-0.395, 0.513, 0.890,
0.629, 0.100, 1.273,
0.677, 0.386, 1.272,
0.592, -0.140, 1.273,
0.262, 0.549, 1.273,
-0.063, 0.605, 1.273,
-0.400, 0.458, 1.273,
0.256, -0.552, 1.273,
-0.063, -0.605, 1.273
